1734517176216 0.017094017094017096 10
1734517178503 0.03418803418803419 20
1734517180809 0.05128205128205128 30
1734517183104 0.06837606837606838 40
1734517185439 0.08547008547008547 50
1734517187755 0.10256410256410256 60
1734517190071 0.11965811965811966 70
1734517192340 0.13675213675213677 80
1734517194616 0.15384615384615385 90
1734517196908 0.17094017094017094 100
1734517199207 0.18803418803418803 110
1734517201526 0.20512820512820512 120
1734517203868 0.2222222222222222 130
1734517206184 0.23931623931623933 140
1734517208509 0.2564102564102564 150
1734517210847 0.27350427350427353 160
1734517213184 0.2905982905982906 170
1734517215566 0.3076923076923077 180
1734517217957 0.3247863247863248 190
1734517220322 0.3418803418803419 200
1734517222672 0.358974358974359 210
1734517225067 0.37606837606837606 220
1734517227481 0.39316239316239315 230
1734517229924 0.41025641025641024 240
1734517232347 0.42735042735042733 250
1734517234768 0.4444444444444444 260
1734517237200 0.46153846153846156 270
1734517239638 0.47863247863247865 280
1734517242106 0.49572649572649574 290
1734517244575 0.5128205128205128 300
1734517247024 0.5299145299145299 310
1734517249476 0.5470085470085471 320
1734517251923 0.5641025641025641 330
1734517254366 0.5811965811965812 340
1734517256845 0.5982905982905983 350
1734517259313 0.6153846153846154 360
1734517261726 0.6324786324786325 370
1734517264129 0.6495726495726496 380
1734517266523 0.6666666666666666 390
1734517268908 0.6837606837606838 400
1734517271321 0.7008547008547008 410
1734517273728 0.717948717948718 420
1734517276102 0.7350427350427351 430
1734517278474 0.7521367521367521 440
1734517280836 0.7692307692307693 450
1734517283204 0.7863247863247863 460
1734517285616 0.8034188034188035 470
1734517288000 0.8205128205128205 480
1734517290371 0.8376068376068376 490
1734517292749 0.8547008547008547 500
1734517308622 0.8717948717948718 510
1734517310996 0.8888888888888888 520
1734517313371 0.905982905982906 530
1734517315723 0.9230769230769231 540
1734517318090 0.9401709401709402 550
1734517320476 0.9572649572649573 560
1734517322868 0.9743589743589743 570
1734517325307 0.9914529914529915 580
1734517333040 1.0 585
1734517334280 1.0085470085470085 590
1734517336759 1.0256410256410255 600
1734517339264 1.0427350427350428 610
1734517341737 1.0598290598290598 620
1734517344223 1.0769230769230769 630
1734517346695 1.0940170940170941 640
1734517349164 1.1111111111111112 650
1734517351650 1.1282051282051282 660
1734517354108 1.1452991452991452 670
1734517356534 1.1623931623931625 680
1734517358964 1.1794871794871795 690
1734517361385 1.1965811965811965 700
1734517363809 1.2136752136752136 710
1734517366240 1.2307692307692308 720
1734517368634 1.2478632478632479 730
1734517371030 1.264957264957265 740
1734517373416 1.282051282051282 750
1734517375800 1.2991452991452992 760
1734517378205 1.3162393162393162 770
1734517380593 1.3333333333333333 780
1734517382962 1.3504273504273505 790
1734517385337 1.3675213675213675 800
1734517387706 1.3846153846153846 810
1734517390078 1.4017094017094016 820
1734517392474 1.4188034188034189 830
1734517394859 1.435897435897436 840
1734517397230 1.452991452991453 850
1734517399600 1.4700854700854702 860
1734517401965 1.4871794871794872 870
1734517404358 1.5042735042735043 880
1734517406773 1.5213675213675213 890
1734517409153 1.5384615384615383 900
1734517411535 1.5555555555555556 910
1734517413927 1.5726495726495726 920
1734517416319 1.5897435897435899 930
1734517418749 1.606837606837607 940
1734517421172 1.623931623931624 950
1734517423590 1.641025641025641 960
1734517425994 1.658119658119658 970
1734517428406 1.6752136752136753 980
1734517430827 1.6923076923076923 990
1734517433264 1.7094017094017095 1000
1734517444017 1.7264957264957266 1010
1734517446427 1.7435897435897436 1020
1734517448819 1.7606837606837606 1030
1734517451212 1.7777777777777777 1040
1734517453620 1.7948717948717947 1050
1734517456039 1.811965811965812 1060
1734517458480 1.8290598290598292 1070
1734517460948 1.8461538461538463 1080
1734517463384 1.8632478632478633 1090
1734517465833 1.8803418803418803 1100
1734517468271 1.8974358974358974 1110
1734517470703 1.9145299145299144 1120
1734517473145 1.9316239316239316 1130
1734517475591 1.9487179487179487 1140
1734517478005 1.965811965811966 1150
1734517480424 1.982905982905983 1160
1734517482668 2.0 1170
1734517489203 2.0 1170
1734517491608 2.017094017094017 1180
1734517494003 2.034188034188034 1190
1734517496401 2.051282051282051 1200
1734517498790 2.0683760683760686 1210
1734517501213 2.0854700854700856 1220
1734517503603 2.1025641025641026 1230
1734517505986 2.1196581196581197 1240
1734517508370 2.1367521367521367 1250
1734517510759 2.1538461538461537 1260
1734517513172 2.1709401709401708 1270
1734517515577 2.1880341880341883 1280
1734517517960 2.2051282051282053 1290
1734517520337 2.2222222222222223 1300
1734517522721 2.2393162393162394 1310
1734517525101 2.2564102564102564 1320
1734517527515 2.2735042735042734 1330
1734517529923 2.2905982905982905 1340
1734517532310 2.3076923076923075 1350
1734517534704 2.324786324786325 1360
1734517537102 2.341880341880342 1370
1734517539516 2.358974358974359 1380
1734517541946 2.376068376068376 1390
1734517544352 2.393162393162393 1400
1734517546752 2.41025641025641 1410
1734517549157 2.427350427350427 1420
1734517551557 2.4444444444444446 1430
1734517553990 2.4615384615384617 1440
1734517556441 2.4786324786324787 1450
1734517558860 2.4957264957264957 1460
1734517561255 2.5128205128205128 1470
1734517563654 2.52991452991453 1480
1734517566056 2.547008547008547 1490
1734517568457 2.564102564102564 1500
1734517586035 2.5811965811965814 1510
1734517588382 2.5982905982905984 1520
1734517590748 2.6153846153846154 1530
1734517593125 2.6324786324786325 1540
1734517595527 2.6495726495726495 1550
1734517597945 2.6666666666666665 1560
1734517600355 2.683760683760684 1570
1734517602791 2.700854700854701 1580
1734517605237 2.717948717948718 1590
1734517607701 2.735042735042735 1600
1734517610204 2.752136752136752 1610
1734517612682 2.769230769230769 1620
1734517615167 2.786324786324786 1630
1734517617652 2.8034188034188032 1640
1734517620128 2.8205128205128203 1650
1734517622622 2.8376068376068377 1660
1734517625107 2.8547008547008548 1670
1734517627550 2.871794871794872 1680
1734517629993 2.888888888888889 1690
1734517632420 2.905982905982906 1700
1734517634840 2.9230769230769234 1710
1734517637274 2.9401709401709404 1720
1734517639670 2.9572649572649574 1730
1734517642058 2.9743589743589745 1740
1734517644451 2.9914529914529915 1750
1734517658297 3.0 1755
1734517658303 3.0 1755
1734517667182 3.0 1755
