1734517176216 7.012085914611816 10
1734517178503 8.685946464538574 20
1734517180809 11.489156723022461 30
1734517183104 8.554581642150879 40
1734517185439 21.06292724609375 50
1734517187755 6.250267505645752 60
1734517190071 29.48857879638672 70
1734517192340 9.237024307250977 80
1734517194616 19.75366973876953 90
1734517196908 6.776074409484863 100
1734517199207 5.427165985107422 110
1734517201526 12.754279136657715 120
1734517203868 19.842039108276367 130
1734517206184 14.74063491821289 140
1734517208509 7.293665409088135 150
1734517210847 12.935882568359375 160
1734517213184 4.760423183441162 170
1734517215566 9.041854858398438 180
1734517217957 11.130425453186035 190
1734517220322 4.137082099914551 200
1734517222672 8.987573623657227 210
1734517225067 8.704577445983887 220
1734517227481 12.495716094970703 230
1734517229924 8.753885269165039 240
1734517232347 17.004140853881836 250
1734517234768 22.382740020751953 260
1734517237200 9.584405899047852 270
1734517239638 6.294658660888672 280
1734517242106 7.896604061126709 290
1734517244575 8.080988883972168 300
1734517247024 9.220747947692871 310
1734517249476 5.9256768226623535 320
1734517251923 16.799070358276367 330
1734517254366 12.720905303955078 340
1734517256845 6.24674129486084 350
1734517259313 8.292253494262695 360
1734517261726 11.663121223449707 370
1734517264129 53.025203704833984 380
1734517266523 13.67934513092041 390
1734517268908 13.809490203857422 400
1734517271321 8.45737361907959 410
1734517273728 3.93731951713562 420
1734517276102 10.1571044921875 430
1734517278474 12.026814460754395 440
1734517280836 18.36553955078125 450
1734517283204 11.561439514160156 460
1734517285616 3.2531192302703857 470
1734517288000 27.628625869750977 480
1734517290371 16.716325759887695 490
1734517292749 15.246798515319824 500
1734517308622 6.870706558227539 510
1734517310996 13.349166870117188 520
1734517313371 7.51008939743042 530
1734517315723 11.077216148376465 540
1734517318090 19.663562774658203 550
1734517320476 10.396618843078613 560
1734517322868 3.923689126968384 570
1734517325307 0.8208510279655457 580
1734517334280 17.61680030822754 590
1734517336759 9.129837989807129 600
1734517339264 40.4041748046875 610
1734517341737 11.11563491821289 620
1734517344223 25.243783950805664 630
1734517346695 5.399825096130371 640
1734517349164 20.211589813232422 650
1734517351650 5.8830976486206055 660
1734517354108 3.687730550765991 670
1734517356534 4.832043647766113 680
1734517358964 5.532583236694336 690
1734517361385 9.474634170532227 700
1734517363809 17.94328498840332 710
1734517366240 15.98631763458252 720
1734517368634 5.848779678344727 730
1734517371030 13.636780738830566 740
1734517373416 11.374439239501953 750
1734517375800 4.353114604949951 760
1734517378205 2.4361495971679688 770
1734517380593 1.7157483100891113 780
1734517382962 46.05399703979492 790
1734517385337 1.7905305624008179 800
1734517387706 21.89084243774414 810
1734517390078 2.7836647033691406 820
1734517392474 6.040549278259277 830
1734517394859 2.139190435409546 840
1734517397230 2.7591726779937744 850
1734517399600 3.2860987186431885 860
1734517401965 4.370543479919434 870
1734517404358 40.75520706176758 880
1734517406773 5.287957668304443 890
1734517409153 4.205273151397705 900
1734517411535 6.4775238037109375 910
1734517413927 44.36385726928711 920
1734517416319 20.69632911682129 930
1734517418749 181.8802490234375 940
1734517421172 6.897531986236572 950
1734517423590 25.65854835510254 960
1734517425994 11.237530708312988 970
1734517428406 7.878391265869141 980
1734517430827 52.666893005371094 990
1734517433264 8.0711030960083 1000
1734517444017 2.468430280685425 1010
1734517446427 1.8902740478515625 1020
1734517448819 8.70482063293457 1030
1734517451212 26.906455993652344 1040
1734517453620 10.41321086883545 1050
1734517456039 16.862808227539062 1060
1734517458480 19.73357391357422 1070
1734517460948 23.31618881225586 1080
1734517463384 6.261708736419678 1090
1734517465833 2.2425765991210938 1100
1734517468271 9.274099349975586 1110
1734517470703 3.36913800239563 1120
1734517473145 34.99039077758789 1130
1734517475591 8.638191223144531 1140
1734517478005 1.5549275875091553 1150
1734517480424 19.078317642211914 1160
1734517482668 15.978964805603027 1170
1734517491608 1.3211278915405273 1180
1734517494003 2.380127429962158 1190
1734517496401 34.571876525878906 1200
1734517498790 1.575363278388977 1210
1734517501213 2.913750410079956 1220
1734517503603 10.008407592773438 1230
1734517505986 0.6876561045646667 1240
1734517508370 2.3800208568573 1250
1734517510759 10.240225791931152 1260
1734517513172 27.13283920288086 1270
1734517515577 0.6600468158721924 1280
1734517517960 2.881974697113037 1290
1734517520337 1.4620774984359741 1300
1734517522721 2.303223133087158 1310
1734517525101 2.754119634628296 1320
1734517527515 12.427840232849121 1330
1734517529923 3.2568070888519287 1340
1734517532310 0.06942769885063171 1350
1734517534704 1.7661561965942383 1360
1734517537102 8.16038703918457 1370
1734517539516 1.9578410387039185 1380
1734517541946 2.510568380355835 1390
1734517544352 2.0434131622314453 1400
1734517546752 10.39044189453125 1410
1734517549157 5.220837116241455 1420
1734517551557 39.551231384277344 1430
1734517553990 8.29818058013916 1440
1734517556441 3.9159159660339355 1450
1734517558860 9.976095199584961 1460
1734517561255 0.05169688165187836 1470
1734517563654 12.294058799743652 1480
1734517566056 17.76689338684082 1490
1734517568457 2.4828760623931885 1500
1734517586035 0.1945161372423172 1510
1734517588382 42.85255813598633 1520
1734517590748 7.715009689331055 1530
1734517593125 1.6765633821487427 1540
1734517595527 0.35335978865623474 1550
1734517597945 1.8243532180786133 1560
1734517600355 1.9716520309448242 1570
1734517602791 5.234555721282959 1580
1734517605237 1.752997875213623 1590
1734517607701 19.177099227905273 1600
1734517610204 2.1316237449645996 1610
1734517612682 14.926222801208496 1620
1734517615167 0.4265868663787842 1630
1734517617652 54.89992904663086 1640
1734517620128 7.841837406158447 1650
1734517622622 0.39835891127586365 1660
1734517625107 1.2978057861328125 1670
1734517627550 6.987029075622559 1680
1734517629993 0.07395343482494354 1690
1734517632420 2.079137086868286 1700
1734517634840 5.343663215637207 1710
1734517637274 4.67081880569458 1720
1734517639670 3.284087896347046 1730
1734517642058 1.3813449144363403 1740
1734517644451 3.72969651222229 1750
