1734517176216 1.0000000000000002e-06 10
1734517178503 2.0000000000000003e-06 20
1734517180809 3e-06 30
1734517183104 4.000000000000001e-06 40
1734517185439 5e-06 50
1734517187755 6e-06 60
1734517190071 7.000000000000001e-06 70
1734517192340 8.000000000000001e-06 80
1734517194616 9e-06 90
1734517196908 1e-05 100
1734517199207 1.1000000000000001e-05 110
1734517201526 1.2e-05 120
1734517203868 1.3000000000000001e-05 130
1734517206184 1.4000000000000001e-05 140
1734517208509 1.5e-05 150
1734517210847 1.6000000000000003e-05 160
1734517213184 1.7000000000000003e-05 170
1734517215566 1.8e-05 180
1734517217957 1.9e-05 190
1734517220322 2e-05 200
1734517222672 2.1e-05 210
1734517225067 2.2000000000000003e-05 220
1734517227481 2.3000000000000003e-05 230
1734517229924 2.4e-05 240
1734517232347 2.5e-05 250
1734517234768 2.6000000000000002e-05 260
1734517237200 2.7000000000000002e-05 270
1734517239638 2.8000000000000003e-05 280
1734517242106 2.9e-05 290
1734517244575 3e-05 300
1734517247024 3.1e-05 310
1734517249476 3.2000000000000005e-05 320
1734517251923 3.3e-05 330
1734517254366 3.4000000000000007e-05 340
1734517256845 3.5e-05 350
1734517259313 3.6e-05 360
1734517261726 3.7e-05 370
1734517264129 3.8e-05 380
1734517266523 3.9000000000000006e-05 390
1734517268908 4e-05 400
1734517271321 4.1e-05 410
1734517273728 4.2e-05 420
1734517276102 4.3e-05 430
1734517278474 4.4000000000000006e-05 440
1734517280836 4.5e-05 450
1734517283204 4.600000000000001e-05 460
1734517285616 4.7e-05 470
1734517288000 4.8e-05 480
1734517290371 4.9e-05 490
1734517292749 5e-05 500
1734517308622 4.960159362549801e-05 510
1734517310996 4.9203187250996016e-05 520
1734517313371 4.880478087649403e-05 530
1734517315723 4.840637450199204e-05 540
1734517318090 4.8007968127490044e-05 550
1734517320476 4.760956175298805e-05 560
1734517322868 4.721115537848606e-05 570
1734517325307 4.6812749003984064e-05 580
1734517334280 4.641434262948207e-05 590
1734517336759 4.601593625498008e-05 600
1734517339264 4.561752988047809e-05 610
1734517341737 4.52191235059761e-05 620
1734517344223 4.4820717131474105e-05 630
1734517346695 4.442231075697211e-05 640
1734517349164 4.402390438247012e-05 650
1734517351650 4.362549800796813e-05 660
1734517354108 4.322709163346614e-05 670
1734517356534 4.2828685258964146e-05 680
1734517358964 4.243027888446215e-05 690
1734517361385 4.203187250996016e-05 700
1734517363809 4.1633466135458174e-05 710
1734517366240 4.123505976095618e-05 720
1734517368634 4.083665338645419e-05 730
1734517371030 4.043824701195219e-05 740
1734517373416 4.00398406374502e-05 750
1734517375800 3.964143426294821e-05 760
1734517378205 3.9243027888446215e-05 770
1734517380593 3.884462151394422e-05 780
1734517382962 3.844621513944223e-05 790
1734517385337 3.804780876494024e-05 800
1734517387706 3.764940239043825e-05 810
1734517390078 3.7250996015936256e-05 820
1734517392474 3.685258964143426e-05 830
1734517394859 3.6454183266932277e-05 840
1734517397230 3.6055776892430283e-05 850
1734517399600 3.565737051792829e-05 860
1734517401965 3.52589641434263e-05 870
1734517404358 3.4860557768924304e-05 880
1734517406773 3.446215139442232e-05 890
1734517409153 3.406374501992032e-05 900
1734517411535 3.3665338645418325e-05 910
1734517413927 3.326693227091633e-05 920
1734517416319 3.2868525896414345e-05 930
1734517418749 3.247011952191235e-05 940
1734517421172 3.207171314741036e-05 950
1734517423590 3.1673306772908366e-05 960
1734517425994 3.127490039840637e-05 970
1734517428406 3.0876494023904386e-05 980
1734517430827 3.0478087649402393e-05 990
1734517433264 3.00796812749004e-05 1000
1734517444017 2.968127490039841e-05 1010
1734517446427 2.9282868525896417e-05 1020
1734517448819 2.8884462151394427e-05 1030
1734517451212 2.8486055776892434e-05 1040
1734517453620 2.8087649402390438e-05 1050
1734517456039 2.7689243027888445e-05 1060
1734517458480 2.7290836653386455e-05 1070
1734517460948 2.6892430278884462e-05 1080
1734517463384 2.649402390438247e-05 1090
1734517465833 2.609561752988048e-05 1100
1734517468271 2.5697211155378486e-05 1110
1734517470703 2.5298804780876496e-05 1120
1734517473145 2.4900398406374503e-05 1130
1734517475591 2.4501992031872513e-05 1140
1734517478005 2.410358565737052e-05 1150
1734517480424 2.3705179282868527e-05 1160
1734517482668 2.3306772908366534e-05 1170
1734517491608 2.290836653386454e-05 1180
1734517494003 2.250996015936255e-05 1190
1734517496401 2.2111553784860558e-05 1200
1734517498790 2.1713147410358568e-05 1210
1734517501213 2.1314741035856575e-05 1220
1734517503603 2.0916334661354585e-05 1230
1734517505986 2.0517928286852592e-05 1240
1734517508370 2.01195219123506e-05 1250
1734517510759 1.9721115537848606e-05 1260
1734517513172 1.9322709163346613e-05 1270
1734517515577 1.8924302788844623e-05 1280
1734517517960 1.852589641434263e-05 1290
1734517520337 1.812749003984064e-05 1300
1734517522721 1.7729083665338647e-05 1310
1734517525101 1.7330677290836657e-05 1320
1734517527515 1.693227091633466e-05 1330
1734517529923 1.653386454183267e-05 1340
1734517532310 1.6135458167330678e-05 1350
1734517534704 1.5737051792828685e-05 1360
1734517537102 1.5338645418326695e-05 1370
1734517539516 1.4940239043824702e-05 1380
1734517541946 1.454183266932271e-05 1390
1734517544352 1.4143426294820719e-05 1400
1734517546752 1.3745019920318724e-05 1410
1734517549157 1.3346613545816733e-05 1420
1734517551557 1.2948207171314741e-05 1430
1734517553990 1.254980079681275e-05 1440
1734517556441 1.2151394422310758e-05 1450
1734517558860 1.1752988047808767e-05 1460
1734517561255 1.1354581673306774e-05 1470
1734517563654 1.095617529880478e-05 1480
1734517566056 1.055776892430279e-05 1490
1734517568457 1.0159362549800798e-05 1500
1734517586035 9.760956175298805e-06 1510
1734517588382 9.362549800796813e-06 1520
1734517590748 8.964143426294822e-06 1530
1734517593125 8.565737051792829e-06 1540
1734517595527 8.167330677290837e-06 1550
1734517597945 7.768924302788846e-06 1560
1734517600355 7.3705179282868534e-06 1570
1734517602791 6.97211155378486e-06 1580
1734517605237 6.573705179282869e-06 1590
1734517607701 6.175298804780877e-06 1600
1734517610204 5.776892430278884e-06 1610
1734517612682 5.378486055776893e-06 1620
1734517615167 4.980079681274901e-06 1630
1734517617652 4.581673306772908e-06 1640
1734517620128 4.183266932270916e-06 1650
1734517622622 3.7848605577689246e-06 1660
1734517625107 3.3864541832669323e-06 1670
1734517627550 2.9880478087649404e-06 1680
1734517629993 2.5896414342629486e-06 1690
1734517632420 2.1912350597609563e-06 1700
1734517634840 1.7928286852589644e-06 1710
1734517637274 1.3944223107569721e-06 1720
1734517639670 9.9601593625498e-07 1730
1734517642058 5.976095617529881e-07 1740
1734517644451 1.99203187250996e-07 1750
