1734517176216 1.244 10
1734517178503 1.3285 20
1734517180809 1.238 30
1734517183104 1.2065 40
1734517185439 1.1061 50
1734517187755 1.0849 60
1734517190071 0.9793 70
1734517192340 0.9931 80
1734517194616 0.9752 90
1734517196908 0.9299 100
1734517199207 0.9549 110
1734517201526 0.9494 120
1734517203868 0.9043 130
1734517206184 0.8146 140
1734517208509 0.9285 150
1734517210847 0.832 160
1734517213184 0.793 170
1734517215566 0.7448 180
1734517217957 0.7997 190
1734517220322 0.6343 200
1734517222672 0.5996 210
1734517225067 0.6974 220
1734517227481 0.7208 230
1734517229924 0.6542 240
1734517232347 0.5897 250
1734517234768 0.7607 260
1734517237200 0.6472 270
1734517239638 0.6233 280
1734517242106 0.5788 290
1734517244575 0.6032 300
1734517247024 0.7156 310
1734517249476 0.6867 320
1734517251923 0.8318 330
1734517254366 0.69 340
1734517256845 0.5979 350
1734517259313 0.5841 360
1734517261726 0.5043 370
1734517264129 0.616 380
1734517266523 0.4068 390
1734517268908 0.6646 400
1734517271321 0.4441 410
1734517273728 0.4529 420
1734517276102 0.6271 430
1734517278474 0.3734 440
1734517280836 0.743 450
1734517283204 0.6811 460
1734517285616 0.4845 470
1734517288000 0.6093 480
1734517290371 0.8292 490
1734517292749 0.7295 500
1734517308622 0.7198 510
1734517310996 0.6091 520
1734517313371 0.5728 530
1734517315723 0.472 540
1734517318090 0.4676 550
1734517320476 0.4628 560
1734517322868 0.4282 570
1734517325307 0.4022 580
1734517334280 0.6421 590
1734517336759 0.4947 600
1734517339264 0.4531 610
1734517341737 0.5896 620
1734517344223 0.5209 630
1734517346695 0.4553 640
1734517349164 0.3444 650
1734517351650 0.6208 660
1734517354108 0.3434 670
1734517356534 0.5372 680
1734517358964 0.5174 690
1734517361385 0.356 700
1734517363809 0.6534 710
1734517366240 0.5548 720
1734517368634 0.46 730
1734517371030 0.3687 740
1734517373416 0.5491 750
1734517375800 0.4731 760
1734517378205 0.3364 770
1734517380593 0.4019 780
1734517382962 0.3812 790
1734517385337 0.2856 800
1734517387706 0.6145 810
1734517390078 0.3033 820
1734517392474 0.3821 830
1734517394859 0.3469 840
1734517397230 0.366 850
1734517399600 0.449 860
1734517401965 0.343 870
1734517404358 0.212 880
1734517406773 0.4445 890
1734517409153 0.4636 900
1734517411535 0.3622 910
1734517413927 0.3401 920
1734517416319 0.4599 930
1734517418749 0.4335 940
1734517421172 0.4252 950
1734517423590 0.3928 960
1734517425994 0.4266 970
1734517428406 0.5415 980
1734517430827 0.4547 990
1734517433264 0.2433 1000
1734517444017 0.5129 1010
1734517446427 0.2923 1020
1734517448819 0.3951 1030
1734517451212 0.4849 1040
1734517453620 0.4546 1050
1734517456039 0.6024 1060
1734517458480 0.3987 1070
1734517460948 0.3969 1080
1734517463384 0.3589 1090
1734517465833 0.4299 1100
1734517468271 0.4534 1110
1734517470703 0.2856 1120
1734517473145 0.488 1130
1734517475591 0.3236 1140
1734517478005 0.5074 1150
1734517480424 0.3019 1160
1734517482668 0.3253 1170
1734517491608 0.1804 1180
1734517494003 0.2833 1190
1734517496401 0.2722 1200
1734517498790 0.2101 1210
1734517501213 0.3042 1220
1734517503603 0.2252 1230
1734517505986 0.0849 1240
1734517508370 0.2454 1250
1734517510759 0.2599 1260
1734517513172 0.3533 1270
1734517515577 0.1454 1280
1734517517960 0.1984 1290
1734517520337 0.2551 1300
1734517522721 0.1791 1310
1734517525101 0.2215 1320
1734517527515 0.1278 1330
1734517529923 0.3507 1340
1734517532310 0.1314 1350
1734517534704 0.1864 1360
1734517537102 0.1637 1370
1734517539516 0.3609 1380
1734517541946 0.3135 1390
1734517544352 0.2209 1400
1734517546752 0.4394 1410
1734517549157 0.3908 1420
1734517551557 0.4028 1430
1734517553990 0.1291 1440
1734517556441 0.2645 1450
1734517558860 0.2761 1460
1734517561255 0.1841 1470
1734517563654 0.3025 1480
1734517566056 0.3645 1490
1734517568457 0.1255 1500
1734517586035 0.3028 1510
1734517588382 0.1732 1520
1734517590748 0.2683 1530
1734517593125 0.128 1540
1734517595527 0.2539 1550
1734517597945 0.3535 1560
1734517600355 0.2609 1570
1734517602791 0.3155 1580
1734517605237 0.3468 1590
1734517607701 0.4118 1600
1734517610204 0.406 1610
1734517612682 0.0934 1620
1734517615167 0.1991 1630
1734517617652 0.2439 1640
1734517620128 0.2562 1650
1734517622622 0.1562 1660
1734517625107 0.2117 1670
1734517627550 0.3012 1680
1734517629993 0.381 1690
1734517632420 0.3508 1700
1734517634840 0.3109 1710
1734517637274 0.4107 1720
1734517639670 0.208 1730
1734517642058 0.196 1740
1734517644451 0.2475 1750
